RBF-INDIRECT-MQ
-3.89383 1.28765 0.958657 0.572613
-6.22547 1.31509 0.65654 0.656922
23.8799 0.953239 -0.0413816 -0.0122277
-47.9849 1.74259 0.5526 0.410497
34.2199 0.912833 1.15251 0.4099
-38.9865 0.948618 0.711611 0.482778
16.5553 0.607212 0.0706373 0.635424
-21.0693 1.25614 0.411454 0.848504
-6.91601 1.1907 0.106851 0.764082
35.5855 1.10321 0.878451 0.468532
-7.21439 2.61438 0.353638 0.433228
1.78709 0.436988 0.5732 0.354773
-7.88051 1.84796 0.688633 0.50379
56.4457 1.33542 0.115125 0.711395
-0.347278 0.72576 0.0565494 1.11279
-10.9696 0.995033 0.499549 0.374081
-25.7728 0.929611 0.150839 0.201068
-31.4923 0.817487 0.79265 0.523349
47.582 1.40376 0.906951 0.494606
0.320218 1.23911 0.5506 0.758432
28.653 0.91222 0.498879 1.04181
-33.6827 1.66833 0.224652 0.731881
5.89245 1.22964 1.08109 0.525286
-25.6309 0.888231 0.443846 0.596099
24.0053 1.62196 0.737165 0.113578
5.64104 1.83084 0.756013 0.741057
12.4299 1.49316 0.603434 0.0588459
26.9824 1.29742 -0.33505 0.802201
-1.838 1.77303 0.430951 0.106134
-27.6271 2.20451 0.0704715 0.747171
-32.4595 0.756359 0.50925 0.0222
18.4241 1.12033 0.420921 0.552486
-4.05378 1.40573 0.686504 0.0684919
-9.78842 1.50883 0.831893 0.900253
15.8998 2.19727 0.932389 0.430579
-0.134012 1.96944 0.135263 1.01834
20.1336 1.67657 0.695533 0.328309
-0.0374306 0.768983 0.415268 0.714961
-18.2349 2.16496 0.873077 0.746031
17.2468 0.825926 0.547256 0.821441
